-118.27017 33.92200 21.1 3.98
-117.30800 34.09683 16.7 3.39
-117.81517 33.97050 16.6 3.53
-117.81550 33.97333 16.2 3.18
-116.99417 33.94283 15.8 3.35
-117.02317 34.05267 16.3 3.65
-117.31550 34.11100 15.7 3.31
-118.57617 34.20650 19.0 3.04
-117.76633 33.94850 15.5 5.44
-117.80183 33.95167 16.1 3.80
-117.74283 33.94233 15.1 3.64
-117.78933 33.96267 15.4 3.09
-118.55767 34.20017 18.1 3.06
-117.32383 34.11583 17.3 3.28
-118.35917 33.92833 15.9 3.08
-118.08167 33.99233 18.7 4.44
-118.15483 33.77833 18.4 3.71
-117.22667 34.01667 16.5 3.22
-118.27367 33.91533 25.0 3.40
-118.28550 33.87033 15.0 3.16
-118.14567 33.77250 19.5 3.14
-117.07583 33.95300 16.3 4.14
-117.22050 34.02017 15.9 3.56
-117.24733 34.03350 15.9 3.47
-117.23367 34.01800 16.6 3.09
-117.23233 34.01750 17.1 3.29
-117.22800 34.01750 15.9 3.06
-117.23867 34.03883 17.6 3.61
-117.23750 34.04017 17.7 3.49
-117.24050 34.03967 18.2 3.11
-117.01950 34.00367 16.0 3.06
-117.31000 34.10167 15.9 3.43
-117.01783 34.00200 16.3 3.61
-117.01733 34.00133 15.9 3.48
-117.79917 33.91617 15.5 3.14
-117.22950 34.02817 16.5 3.20
-117.31617 34.11067 16.1 3.40
-117.21867 34.01950 16.1 3.02
-118.21850 33.89133 23.6 3.54
